===Math_95
3
===Lang_62
2
===Math_28
11
52
===Mockito_7
41
===Lang_63
1
40
77
84
79
28
3
80
11
34
13
8
9
4
7
41
2
===Lang_54
2
===Lang_59
1
===Math_106
9
6
===Lang_21
1
===Mockito_36
2
===Math_41
14
===Mockito_27
46
5
===Closure_22
171
15
64
15
4
1
167
3
262
2
270
2
1
1
195
18
76
248
76
===Mockito_4
1
2
4
===Closure_102
5295
5479
===Mockito_16
208
4
87
87
===Math_15
14
===Closure_75
246
42
===Math_55
1
===Time_9
3
2
22
1
44
===Closure_8
5
===Time_4
9
===Math_64
87
284
115
236
123
339
344
166
115
282
146
52
===Closure_114
17
===Math_21
118
123
119
32
135
75
135
135
135
51
51
===Math_105
1
===Closure_92
2
===Lang_12
3
3
===Lang_60
3
===Lang_30
16
13
28
20
14
52
43
13
23
2
3
===Math_4
13
14
===Math_34
1
===Time_6
141
31
===Closure_40
1
139
139
===Closure_44
98
===Math_44
396
22
===Math_72
7
===Chart_20
1
===Lang_27
20
2
===Math_1
2
4
