===Time_12
23
19
2
25
1
22
===Lang_31
1
5
===Chart_4
316
===Closure_27
14
3
===Mockito_31
2
===Math_19
24
===Math_36
31
1
===Math_13
74
===Closure_119
===Chart_23
===Math_56
27
27
27
27
27
27
43
===Lang_45
3
===Math_26
3
16
===Closure_47
6
115
6
===Lang_46
8
10
1
===Closure_49
891
5
1261
5
5
1215
883
891
656
11
11
1200
1041
===Math_91
2
1
===Time_1
18
58
58
18
===Lang_14
2
===Math_37
14
19
6
1
===Chart_1
1
===Math_6
1793
1831
2168
2163
1630
1471
1078
1116
2587
2615
2431
1048
2710
2697
169
===Closure_45
5
106
276
479
===Closure_105
12
111
111
1
135
===Lang_32
16
76
4
3
1
===Math_29
2
31
24
1
5
===Closure_54
128
2455
5438
3615
===Closure_30
385
130
578
332
407
===Closure_123
380
===Chart_18
7
21
2
1
1
===Math_18
6
2
===Lang_18
124
116
116
86
===Lang_23
===Lang_51
15
===Closure_16
365
215
258
===Closure_133
63
===Closure_21
335
330
233
461
233
2
4
196
3
1
2
36
301
563
36
57
===Lang_17
14
131
130
13
===Lang_37
3
===Mockito_24
4
